V,E,Array Queue Operations,Array Queue Runtime,Min_Heap Queue Operations,Min_Heap Queue Runtime
1000,0,1000000,2045216,1997,704750
1000,49950,1000000,2065416,13997,1595917
1000,99900,1000000,2070236,15397,1291417
1000,149850,1000000,2072323,16242,869250
1000,199800,1000000,2070982,16580,940625
1000,249750,1000000,2076812,17611,994833
1000,299700,1000000,2075416,17684,1109125
1000,349650,1000000,2080125,17627,1252000
1000,399600,1000000,2082292,17839,1394125
1000,449550,1000000,2082125,17251,1479500
1000,499500,1000000,2104959,18395,1748458
1000,549450,1000000,2079750,17916,1790958
1000,599400,1000000,2063709,18030,1896875
1000,649350,1000000,2087000,18377,2052333
1000,699300,1000000,2066208,18025,2201208
1000,749250,1000000,2063083,18182,2378083
1000,799200,1000000,2170708,17867,2382875
1000,849150,1000000,2086167,17927,2648791
1000,899100,1000000,2072541,18448,2792458
1000,949050,1000000,2083875,18013,2856250
1000,999000,1000000,2067583,18331,2984500
2000,0,4000000,6527875,3997,28792
2000,199900,4000000,8320500,31165,1114250
2000,399800,4000000,8264083,32512,1694792
2000,599700,4000000,8207584,36555,2298333
2000,799600,4000000,8372000,36625,2699417
2000,999500,4000000,8323583,39402,3303333
2000,1199400,4000000,8359833,38855,3779917
2000,1399300,4000000,8208875,39782,4246667
2000,1599200,4000000,8189834,38038,4670500
2000,1799100,4000000,8248708,39509,5284125
2000,1999000,4000000,8337041,40221,5764000
2000,2198900,4000000,8283250,38254,6326250
2000,2398800,4000000,8223208,39875,6701375
2000,2598700,4000000,8374125,39342,7245375
2000,2798600,4000000,8360584,41338,7820375
2000,2998500,4000000,8339084,40044,8174750
2000,3198400,4000000,8185916,39651,8718667
2000,3398300,4000000,8333667,40273,9094500
2000,3598200,4000000,8202042,40747,9639166
2000,3798100,4000000,8340875,41799,10352500
2000,3998000,4000000,8484042,39366,10624125
3000,0,9000000,14624042,5997,43167
3000,449850,9000000,18690916,49633,2199084
3000,899700,9000000,18540709,55685,3403125
3000,1349550,9000000,18746084,62954,4712458
3000,1799400,9000000,18394083,63154,5861333
3000,2249250,9000000,18780958,59313,6868416
3000,2699100,9000000,18694917,60289,8151458
3000,3148950,9000000,18441417,61601,8897041
3000,3598800,9000000,18511041,61542,10157416
3000,4048650,9000000,18892959,63000,11039750
3000,4498500,9000000,18508416,62244,12333500
3000,4948350,9000000,18838291,64812,13435166
3000,5398200,9000000,18818958,64970,14461375
3000,5848050,9000000,18505333,63120,15556416
3000,6297900,9000000,18883584,62872,16490917
3000,6747750,9000000,18749750,63541,17531458
3000,7197600,9000000,18401042,65058,18900958
3000,7647450,9000000,18461250,64475,19882875
3000,8097300,9000000,18453250,63650,23860166
3000,8547150,9000000,18810334,62842,22611875
3000,8997000,9000000,18404542,64916,23162875
4000,0,16000000,27902250,7997,65125
4000,799800,16000000,33216625,74335,3808250
4000,1599600,16000000,34197834,84808,7947333
4000,2399400,16000000,34842750,81361,7845458
4000,3199200,16000000,33836250,84255,10089667
4000,3999000,16000000,33465166,86350,12006917
4000,4798800,16000000,33811709,84801,13435333
4000,5598600,16000000,33383791,84520,15661458
4000,6398400,16000000,33589208,84350,24123042
4000,7198200,16000000,33448458,88681,19266792
4000,7998000,16000000,33286292,87476,28753000
4000,8797800,16000000,38110959,89286,25382500
4000,9597600,16000000,33863208,85219,24794375
4000,10397400,16000000,32948041,88561,31394042
4000,11197200,16000000,35605083,89466,28640292
4000,11997000,16000000,32890250,89757,30531584
4000,12796800,16000000,33762917,90789,32529375
4000,13596600,16000000,33063292,88184,35789375
4000,14396400,16000000,33100708,87616,40310125
4000,15196200,16000000,33201917,88951,40420792
4000,15996000,16000000,33264750,86946,40128375
5000,0,25000000,41566166,9997,69333
5000,1249750,25000000,51881500,91212,5386500
5000,2499500,25000000,52547583,103235,8727750
5000,3749250,25000000,53042166,102168,12380917
5000,4999000,25000000,53335250,113445,16010208
5000,6248750,25000000,53025542,109562,23687333
5000,7498500,25000000,51693416,120080,20775416
5000,8748250,25000000,51732250,112351,23592125
5000,9998000,25000000,51950209,113474,26477541
5000,11247750,25000000,51152167,109786,29666542
5000,12497500,25000000,51657041,113709,33970666
5000,13747250,25000000,53048875,112457,35613416
5000,14997000,25000000,52450500,113762,41076875
5000,16246750,25000000,51844416,110837,41395208
5000,17496500,25000000,52692458,114582,46076709
5000,18746250,25000000,51252333,116004,50330250
5000,19996000,25000000,52017958,114051,52010209
5000,21245750,25000000,52076584,113893,55822625
5000,22495500,25000000,51105250,116919,57651250
5000,23745250,25000000,59875917,116205,61073167
5000,24995000,25000000,53882041,116615,61877625
6000,0,36000000,59882958,11997,90875
6000,1799700,36000000,76138667,109963,7326167
6000,3599400,36000000,73691916,122108,11709709
6000,5399100,36000000,75115500,131080,19340292
6000,7198800,36000000,75853416,127882,20342167
6000,8998500,36000000,74818375,132472,24656750
6000,10798200,36000000,74905833,138947,29456417
6000,12597900,36000000,74847750,135786,34874959
6000,14397600,36000000,75104042,137396,37908625
6000,16197300,36000000,74892375,134490,43094292
6000,17997000,36000000,74598333,135531,48635750
6000,19796700,36000000,74655500,139808,53238041
6000,21596400,36000000,75159209,137437,58194125
6000,23396100,36000000,74841125,138723,62861584
6000,25195800,36000000,74952916,139746,69257584
6000,26995500,36000000,74918000,133727,70763500
6000,28795200,36000000,74813375,140587,80081459
6000,30594900,36000000,76250417,139685,76483333
6000,32394600,36000000,76513667,142315,83147000
6000,34194300,36000000,74537458,140388,87397417
6000,35994000,36000000,74841083,135509,91150792
7000,0,49000000,84076167,13997,110125
7000,2449650,49000000,101770625,139826,9728333
7000,4899300,49000000,101977125,149494,22501750
7000,7348950,49000000,102107375,156059,28673583
7000,9798600,49000000,102095125,165761,28795459
7000,12248250,49000000,101790000,163981,34210584
7000,14697900,49000000,101659584,162772,39751125
7000,17147550,49000000,101587291,162844,45456708
7000,19597200,49000000,123336791,164901,54591208
7000,22046850,49000000,101932500,165486,58836125
7000,24496500,49000000,101731000,165607,67121791
7000,26946150,49000000,102078000,166593,76482708
7000,29395800,49000000,102180375,166136,81977083
7000,31845450,49000000,102135584,166615,97920291
7000,34295100,49000000,102408083,162447,118548875
7000,36744750,49000000,103432958,167422,143145791
7000,39194400,49000000,113997958,162735,112186500
7000,41644050,49000000,102373958,166457,113720541
7000,44093700,49000000,102098584,166231,136064500
7000,46543350,49000000,102820458,163293,203732125
7000,48993000,49000000,102166083,169326,202503792
8000,0,64000000,116106250,15997,114416
8000,3199600,64000000,134793042,164867,13341083
8000,6399200,64000000,133337250,183557,21695833
8000,9598800,64000000,133344292,165410,30955083
8000,12798400,64000000,133523875,179975,36957417
8000,15998000,64000000,136384084,188270,44200958
8000,19197600,64000000,134176541,190268,52766125
8000,22397200,64000000,133085666,172773,58046708
8000,25596800,64000000,132653833,193236,68267250
8000,28796400,64000000,133090875,192258,76307541
8000,31996000,64000000,132948500,187585,87455709
8000,35195600,64000000,133860250,194098,92254791
8000,38395200,64000000,133169708,193348,103259958
8000,41594800,64000000,133098042,189115,107052958
8000,44794400,64000000,133038833,191242,116942125
8000,47994000,64000000,136874667,193419,124876250
8000,51193600,64000000,132963333,189434,133303208
8000,54393200,64000000,133036541,196765,141698292
8000,57592800,64000000,132431292,199730,148398541
8000,60792400,64000000,131883333,196716,162841167
8000,63992000,64000000,131355958,193093,165432541
9000,0,81000000,135874542,17997,130666
9000,4049550,81000000,168890292,188461,15973834
9000,8099100,81000000,165660000,199244,27860791
9000,12148650,81000000,165552084,196244,38021917
9000,16198200,81000000,167570792,207126,48806708
9000,20247750,81000000,168519750,206912,65916041
9000,24297300,81000000,168476334,206620,72105584
9000,28346850,81000000,165693958,211844,79925083
9000,32396400,81000000,168953000,214206,88654708
9000,36445950,81000000,168701250,216715,98284750
9000,40495500,81000000,167445625,218939,113083583
9000,44545050,81000000,168650292,218814,122844042
9000,48594600,81000000,168535750,221844,128315458
9000,52644150,81000000,168635000,218431,152994042
9000,56693700,81000000,168568292,222661,148476875
9000,60743250,81000000,168457458,217263,158973666
9000,64792800,81000000,168647958,223334,173860083
9000,68842350,81000000,168336292,219848,183654917
9000,72891900,81000000,168061250,215903,192246708
9000,76941450,81000000,168573875,220102,200378000
9000,80991000,81000000,168765750,221124,216140166
10000,0,100000000,167102666,19997,140708
10000,4999500,100000000,208102750,199657,19750917
10000,9999000,100000000,208396833,229377,36818750
10000,14998500,100000000,208182042,218060,47511875
10000,19998000,100000000,207987167,238206,61288917
10000,24997500,100000000,207975209,231218,74399458
10000,29997000,100000000,207089458,241155,89911833
10000,34996500,100000000,208178416,238635,102870000
10000,39996000,100000000,206924916,240070,113497583
10000,44995500,100000000,207534000,234700,129341375
10000,49995000,100000000,207547333,246752,141853542
10000,54994500,100000000,207426667,243134,156999375
10000,59994000,100000000,207984833,244155,173044042
10000,64993500,100000000,207537583,243891,182266750
10000,69993000,100000000,207953500,252494,195097750
10000,74992500,100000000,207244958,248683,214297833
10000,79992000,100000000,206928792,249447,222653041
10000,84991500,100000000,208191333,247940,232956708
10000,89991000,100000000,208076417,233640,239928542
10000,94990500,100000000,208066167,248182,260596792
10000,99990000,100000000,207638917,247271,270990250
